TitleText: junk
XUnitText: time

" a
0.000000e+00 1.000000e-01
1.000000e-11 1.480000e-01
2.000000e-11 1.960000e-01
4.000000e-11 2.920000e-01
8.000000e-11 4.840000e-01
1.600000e-10 8.680000e-01
3.200000e-10 1.636000e+00
6.400000e-10 3.172000e+00
1.098236e-09 4.900000e+00
1.417430e-09 4.900000e+00
1.521435e-09 4.900000e+00
1.578283e-09 4.900000e+00
1.654421e-09 4.900000e+00
1.806698e-09 4.900000e+00
1.975563e-09 4.900000e+00
2.213869e-09 4.900000e+00
2.500067e-09 4.900000e+00
3.016578e-09 4.900000e+00
3.895125e-09 4.900000e+00
5.652220e-09 4.900000e+00
7.652220e-09 4.900000e+00
9.652220e-09 4.900000e+00
1.165222e-08 4.900000e+00
1.365222e-08 4.900000e+00
1.565222e-08 4.900000e+00
1.765222e-08 4.900000e+00
1.965222e-08 4.900000e+00
2.165222e-08 4.900000e+00
2.365222e-08 4.900000e+00
2.565222e-08 4.900000e+00
2.701137e-08 4.900000e+00
2.777143e-08 4.900000e+00
2.812903e-08 4.900000e+00
2.843132e-08 4.900000e+00
2.877176e-08 4.900000e+00
2.923616e-08 4.900000e+00
3.002867e-08 4.900000e+00
3.127302e-08 4.900000e+00
3.327302e-08 4.900000e+00
3.527302e-08 4.900000e+00
3.727302e-08 4.900000e+00
3.927302e-08 4.900000e+00
4.127302e-08 4.900000e+00
4.327302e-08 4.900000e+00
4.527302e-08 4.900000e+00
4.727302e-08 4.900000e+00
4.927302e-08 4.900000e+00
5.127302e-08 3.589505e+00
5.327302e-08 1.000000e-01
5.375655e-08 1.000000e-01
5.422290e-08 1.000000e-01
5.466851e-08 1.000000e-01
5.555973e-08 1.000000e-01
5.734216e-08 1.000000e-01
5.934216e-08 1.000000e-01
6.134216e-08 1.000000e-01
6.334216e-08 1.000000e-01
6.534216e-08 1.000000e-01
6.734216e-08 1.000000e-01
6.934216e-08 1.000000e-01
7.134216e-08 1.000000e-01
7.334216e-08 1.000000e-01
7.534216e-08 1.000000e-01
7.734216e-08 1.000000e-01
7.868936e-08 1.000000e-01
7.990334e-08 1.000000e-01
8.142290e-08 1.000000e-01
8.325956e-08 1.000000e-01
8.525956e-08 1.000000e-01
8.725956e-08 1.000000e-01
8.925956e-08 1.000000e-01
9.125956e-08 1.000000e-01
9.325956e-08 1.000000e-01
9.525956e-08 1.000000e-01
9.725956e-08 1.000000e-01
9.925956e-08 1.000000e-01
1.000000e-07 1.000000e-01

" b
0.000000e+00 0.000000e+00
1.000000e-11 5.000000e-02
2.000000e-11 1.000000e-01
4.000000e-11 2.000000e-01
8.000000e-11 4.000000e-01
1.600000e-10 8.000000e-01
3.200000e-10 1.600000e+00
6.400000e-10 3.200000e+00
1.098236e-09 5.000000e+00
1.417430e-09 5.000000e+00
1.521435e-09 5.000000e+00
1.578283e-09 5.000000e+00
1.654421e-09 5.000000e+00
1.806698e-09 5.000000e+00
1.975563e-09 5.000000e+00
2.213869e-09 5.000000e+00
2.500067e-09 5.000000e+00
3.016578e-09 5.000000e+00
3.895125e-09 5.000000e+00
5.652220e-09 5.000000e+00
7.652220e-09 5.000000e+00
9.652220e-09 5.000000e+00
1.165222e-08 5.000000e+00
1.365222e-08 5.000000e+00
1.565222e-08 5.000000e+00
1.765222e-08 5.000000e+00
1.965222e-08 5.000000e+00
2.165222e-08 5.000000e+00
2.365222e-08 5.000000e+00
2.565222e-08 5.000000e+00
2.701137e-08 0.000000e+00
2.777143e-08 0.000000e+00
2.812903e-08 0.000000e+00
2.843132e-08 0.000000e+00
2.877176e-08 0.000000e+00
2.923616e-08 0.000000e+00
3.002867e-08 0.000000e+00
3.127302e-08 0.000000e+00
3.327302e-08 0.000000e+00
3.527302e-08 0.000000e+00
3.727302e-08 0.000000e+00
3.927302e-08 0.000000e+00
4.127302e-08 0.000000e+00
4.327302e-08 0.000000e+00
4.527302e-08 0.000000e+00
4.727302e-08 0.000000e+00
4.927302e-08 0.000000e+00
5.127302e-08 5.000000e+00
5.327302e-08 5.000000e+00
5.375655e-08 5.000000e+00
5.422290e-08 5.000000e+00
5.466851e-08 5.000000e+00
5.555973e-08 5.000000e+00
5.734216e-08 5.000000e+00
5.934216e-08 5.000000e+00
6.134216e-08 5.000000e+00
6.334216e-08 5.000000e+00
6.534216e-08 5.000000e+00
6.734216e-08 5.000000e+00
6.934216e-08 5.000000e+00
7.134216e-08 5.000000e+00
7.334216e-08 5.000000e+00
7.534216e-08 5.000000e+00
7.734216e-08 0.000000e+00
7.868936e-08 0.000000e+00
7.990334e-08 0.000000e+00
8.142290e-08 0.000000e+00
8.325956e-08 0.000000e+00
8.525956e-08 0.000000e+00
8.725956e-08 0.000000e+00
8.925956e-08 0.000000e+00
9.125956e-08 0.000000e+00
9.325956e-08 0.000000e+00
9.525956e-08 0.000000e+00
9.725956e-08 0.000000e+00
9.925956e-08 0.000000e+00
1.000000e-07 0.000000e+00

" out
0.000000e+00 4.867599e+00
1.000000e-11 4.867577e+00
2.000000e-11 4.867534e+00
4.000000e-11 4.867410e+00
8.000000e-11 4.866924e+00
1.600000e-10 4.864982e+00
3.200000e-10 4.819771e+00
6.400000e-10 4.045771e+00
1.098236e-09 1.377215e+00
1.417430e-09 1.024592e-01
1.521435e-09 5.183499e-02
1.578283e-09 3.600277e-02
1.654421e-09 2.197841e-02
1.806698e-09 7.627046e-03
1.975563e-09 2.284477e-03
2.213869e-09 3.124640e-04
2.500067e-09 1.411338e-05
3.016578e-09 -3.781308e-06
3.895125e-09 1.773032e-06
5.652220e-09 -1.229217e-06
7.652220e-09 9.026632e-07
9.652220e-09 -6.510251e-07
1.165222e-08 4.813004e-07
1.365222e-08 -3.439339e-07
1.565222e-08 2.574948e-07
1.765222e-08 -1.808242e-07
1.965222e-08 1.386214e-07
2.165222e-08 -9.418949e-08
2.365222e-08 7.548241e-08
2.565222e-08 -4.817392e-08
2.701137e-08 5.992408e-02
2.777143e-08 4.251876e-02
2.812903e-08 1.185783e-02
2.843132e-08 4.186294e-03
2.877176e-08 1.252966e-03
2.923616e-08 1.889824e-04
3.002867e-08 -2.211400e-05
3.127302e-08 7.019723e-06
3.327302e-08 -3.650857e-06
3.527302e-08 1.910475e-06
3.727302e-08 -9.815106e-07
3.927302e-08 5.225456e-07
4.127302e-08 -2.596626e-07
4.327302e-08 1.471419e-07
4.527302e-08 -6.442443e-08
4.727302e-08 4.560494e-08
4.927302e-08 -1.161798e-08
5.127302e-08 1.183944e-08
5.327302e-08 -2.123506e-08
5.375655e-08 -7.743316e-09
5.422290e-08 5.620024e-09
5.466851e-08 7.426114e-09
5.555973e-08 7.835728e-09
5.734216e-08 7.741948e-09
5.934216e-08 7.788833e-09
6.134216e-08 7.764045e-09
6.334216e-08 7.777150e-09
6.534216e-08 7.770221e-09
6.734216e-08 7.773885e-09
6.934216e-08 7.771948e-09
7.134216e-08 7.772972e-09
7.334216e-08 7.772430e-09
7.534216e-08 7.772717e-09
7.734216e-08 2.394153e+00
7.868936e-08 4.375560e+00
7.990334e-08 4.800871e+00
8.142290e-08 4.868398e+00
8.325956e-08 4.866804e+00
8.525956e-08 4.868293e+00
8.725956e-08 4.866866e+00
8.925956e-08 4.868281e+00
9.125956e-08 4.866892e+00
9.325956e-08 4.868247e+00
9.525956e-08 4.866923e+00
9.725956e-08 4.868214e+00
9.925956e-08 4.866952e+00
1.000000e-07 4.868163e+00
